Some((
    red: 0.8191189,
    green: 0.9540133,
    blue: 1.0,
))