Some((
    red: 0.7294118,
    green: 0.7607843,
    blue: 0.87058824,
))