Some((
    red: 0.60784316,
    green: 0.63529414,
    blue: 0.6784314,
))